(kicad_pcb (version 20171130) (host pcbnew "(5.0.0-rc2-dev-96-g5bbb4489b)")

  (general
    (thickness 1.6)
    (drawings 14)
    (tracks 265)
    (zones 0)
    (modules 20)
    (nets 27)
  )

  (page A4)
  (layers
    (0 F.Cu signal)
    (31 B.Cu signal)
    (32 B.Adhes user)
    (33 F.Adhes user)
    (34 B.Paste user)
    (35 F.Paste user)
    (36 B.SilkS user)
    (37 F.SilkS user)
    (38 B.Mask user)
    (39 F.Mask user)
    (40 Dwgs.User user)
    (41 Cmts.User user)
    (42 Eco1.User user)
    (43 Eco2.User user)
    (44 Edge.Cuts user)
    (45 Margin user)
    (46 B.CrtYd user)
    (47 F.CrtYd user)
    (48 B.Fab user)
    (49 F.Fab user)
  )

  (setup
    (last_trace_width 0.25)
    (trace_clearance 0.2)
    (zone_clearance 0.508)
    (zone_45_only no)
    (trace_min 0.2)
    (segment_width 0.2)
    (edge_width 0.1)
    (via_size 0.8)
    (via_drill 0.4)
    (via_min_size 0.4)
    (via_min_drill 0.3)
    (uvia_size 0.3)
    (uvia_drill 0.1)
    (uvias_allowed no)
    (uvia_min_size 0.2)
    (uvia_min_drill 0.1)
    (pcb_text_width 0.3)
    (pcb_text_size 1.5 1.5)
    (mod_edge_width 0.15)
    (mod_text_size 1 1)
    (mod_text_width 0.15)
    (pad_size 1.5 1.5)
    (pad_drill 0.6)
    (pad_to_mask_clearance 0)
    (aux_axis_origin 0 0)
    (visible_elements 7FFFF7FF)
    (pcbplotparams
      (layerselection 0x010f0_ffffffff)
      (usegerberextensions true)
      (usegerberattributes false)
      (usegerberadvancedattributes false)
      (creategerberjobfile false)
      (excludeedgelayer true)
      (linewidth 0.100000)
      (plotframeref false)
      (viasonmask false)
      (mode 1)
      (useauxorigin false)
      (hpglpennumber 1)
      (hpglpenspeed 20)
      (hpglpendiameter 15)
      (psnegative false)
      (psa4output false)
      (plotreference true)
      (plotvalue true)
      (plotinvisibletext false)
      (padsonsilk true)
      (subtractmaskfromsilk false)
      (outputformat 1)
      (mirror false)
      (drillshape 0)
      (scaleselection 1)
      (outputdirectory gerbers/))
  )

  (net 0 "")
  (net 1 "Net-(D1-Pad1)")
  (net 2 "Net-(D1-Pad2)")
  (net 3 "Net-(D2-Pad2)")
  (net 4 "Net-(D2-Pad1)")
  (net 5 "Net-(D3-Pad1)")
  (net 6 "Net-(D3-Pad2)")
  (net 7 "Net-(D4-Pad2)")
  (net 8 "Net-(D4-Pad1)")
  (net 9 GND)
  (net 10 "Net-(O1-Pad8)")
  (net 11 "Net-(O1-Pad7)")
  (net 12 "Net-(O1-Pad6)")
  (net 13 "Net-(O1-Pad5)")
  (net 14 "Net-(O1-Pad4)")
  (net 15 "Net-(O1-Pad3)")
  (net 16 "Net-(O1-Pad2)")
  (net 17 "Net-(O2-Pad3)")
  (net 18 "Net-(O2-Pad4)")
  (net 19 "Net-(O2-Pad5)")
  (net 20 "Net-(O2-Pad6)")
  (net 21 "Net-(O2-Pad7)")
  (net 22 "Net-(O2-Pad8)")
  (net 23 "Net-(P1-Pad7)")
  (net 24 "Net-(P2-Pad7)")
  (net 25 "Net-(P13-Pad7)")
  (net 26 "Net-(P23-Pad7)")

  (net_class Default "This is the default net class."
    (clearance 0.2)
    (trace_width 0.25)
    (via_dia 0.8)
    (via_drill 0.4)
    (uvia_dia 0.3)
    (uvia_drill 0.1)
    (add_net GND)
    (add_net "Net-(D1-Pad1)")
    (add_net "Net-(D1-Pad2)")
    (add_net "Net-(D2-Pad1)")
    (add_net "Net-(D2-Pad2)")
    (add_net "Net-(D3-Pad1)")
    (add_net "Net-(D3-Pad2)")
    (add_net "Net-(D4-Pad1)")
    (add_net "Net-(D4-Pad2)")
    (add_net "Net-(O1-Pad2)")
    (add_net "Net-(O1-Pad3)")
    (add_net "Net-(O1-Pad4)")
    (add_net "Net-(O1-Pad5)")
    (add_net "Net-(O1-Pad6)")
    (add_net "Net-(O1-Pad7)")
    (add_net "Net-(O1-Pad8)")
    (add_net "Net-(O2-Pad3)")
    (add_net "Net-(O2-Pad4)")
    (add_net "Net-(O2-Pad5)")
    (add_net "Net-(O2-Pad6)")
    (add_net "Net-(O2-Pad7)")
    (add_net "Net-(O2-Pad8)")
    (add_net "Net-(P1-Pad7)")
    (add_net "Net-(P13-Pad7)")
    (add_net "Net-(P2-Pad7)")
    (add_net "Net-(P23-Pad7)")
  )

  (module NES_CTRL:SNES_CTRL (layer F.Cu) (tedit 5AD54BFA) (tstamp 5AD619D8)
    (at 139.255 114.11)
    (path /5AA03CDE)
    (fp_text reference P12 (at 0 1.27) (layer F.SilkS)
      (effects (font (size 1 1) (thickness 0.15)))
    )
    (fp_text value SNES_CTRL (at 0 -0.5) (layer F.Fab)
      (effects (font (size 1 1) (thickness 0.15)))
    )
    (fp_line (start 3.5 5.75) (end 3.5 2.25) (layer F.SilkS) (width 0.15))
    (fp_line (start -13.75 5.75) (end 14.5 5.75) (layer F.SilkS) (width 0.15))
    (fp_line (start -13.75 2.25) (end -13.75 5.75) (layer F.SilkS) (width 0.15))
    (fp_line (start 14.25 2.25) (end -13.75 2.25) (layer F.SilkS) (width 0.15))
    (fp_arc (start 14.5 4) (end 14.5 5.75) (angle -180) (layer F.SilkS) (width 0.15))
    (fp_text user GND (at 14.505 7.755 90) (layer F.SilkS)
      (effects (font (size 1 1) (thickness 0.15)))
    )
    (fp_text user I/O (at 10.33 7.755 90) (layer F.SilkS)
      (effects (font (size 1 1) (thickness 0.15)))
    )
    (fp_text user D1 (at 6.405 7.62 90) (layer F.SilkS)
      (effects (font (size 1 1) (thickness 0.15)))
    )
    (fp_text user D0 (at 0.095 7.37 90) (layer F.SilkS)
      (effects (font (size 1 1) (thickness 0.15)))
    )
    (fp_text user LAT (at -4.08 7.755 90) (layer F.SilkS)
      (effects (font (size 1 1) (thickness 0.15)))
    )
    (fp_text user CLK (at -8.005 7.755 -90) (layer F.SilkS)
      (effects (font (size 1 1) (thickness 0.15)))
    )
    (fp_text user +5V (at -11.93 8.255 90) (layer F.SilkS)
      (effects (font (size 1 1) (thickness 0.15)))
    )
    (fp_text user GND (at 14.505 7.755 -90) (layer B.SilkS)
      (effects (font (size 1 1) (thickness 0.15)) (justify mirror))
    )
    (fp_text user I/O (at 10.33 7.755 -90) (layer B.SilkS)
      (effects (font (size 1 1) (thickness 0.15)) (justify mirror))
    )
    (fp_text user D1 (at 6.405 7.62 -90) (layer B.SilkS)
      (effects (font (size 1 1) (thickness 0.15)) (justify mirror))
    )
    (fp_text user D0 (at 0.095 7.37 -90) (layer B.SilkS)
      (effects (font (size 1 1) (thickness 0.15)) (justify mirror))
    )
    (fp_text user LAT (at -4.08 7.755 -90) (layer B.SilkS)
      (effects (font (size 1 1) (thickness 0.15)) (justify mirror))
    )
    (fp_text user CLK (at -8.005 7.755 -270) (layer B.SilkS)
      (effects (font (size 1 1) (thickness 0.15)) (justify mirror))
    )
    (fp_text user +5V (at -11.93 8.255 -90) (layer B.SilkS)
      (effects (font (size 1 1) (thickness 0.15)) (justify mirror))
    )
    (pad 1 thru_hole circle (at 14.5 4) (size 2.5 2.5) (drill 1.25) (layers *.Cu *.Mask)
      (net 9 GND))
    (pad 2 thru_hole circle (at 10.5 4) (size 2.5 2.5) (drill 1.25) (layers *.Cu *.Mask)
      (net 15 "Net-(O1-Pad3)"))
    (pad 3 thru_hole circle (at 6.5 4) (size 2.5 2.5) (drill 1.25) (layers *.Cu *.Mask)
      (net 13 "Net-(O1-Pad5)"))
    (pad 4 thru_hole circle (at 0 4) (size 2.5 2.5) (drill 1.25) (layers *.Cu *.Mask)
      (net 14 "Net-(O1-Pad4)"))
    (pad 5 thru_hole circle (at -4 4) (size 2.5 2.5) (drill 1.25) (layers *.Cu *.Mask)
      (net 12 "Net-(O1-Pad6)"))
    (pad 6 thru_hole circle (at -8 4) (size 2.5 2.5) (drill 1.25) (layers *.Cu *.Mask)
      (net 10 "Net-(O1-Pad8)"))
    (pad 7 thru_hole circle (at -12 4) (size 2.5 2.5) (drill 1.25) (layers *.Cu *.Mask)
      (net 2 "Net-(D1-Pad2)"))
  )

  (module "NES_CTRL:Lego pip" (layer F.Cu) (tedit 5AD81B6D) (tstamp 5AD818E0)
    (at 218.44 143.51)
    (fp_text reference s4 (at 0 0.5) (layer F.SilkS) hide
      (effects (font (size 1 1) (thickness 0.15)))
    )
    (fp_text value "Lego pip" (at 0 -1.27) (layer F.Fab)
      (effects (font (size 1 1) (thickness 0.15)))
    )
    (fp_circle (center 0 4.445) (end 3.175 3.81) (layer B.SilkS) (width 0.15))
    (pad "" thru_hole circle (at 0 4.445) (size 6.5 6.5) (drill 4.8) (layers *.Cu *.Mask))
  )

  (module "NES_CTRL:Lego pip" (layer F.Cu) (tedit 5AD81B62) (tstamp 5AD818D6)
    (at 129.54 143.51)
    (fp_text reference s3 (at 0 0.5) (layer F.SilkS) hide
      (effects (font (size 1 1) (thickness 0.15)))
    )
    (fp_text value "Lego pip" (at 0 -1.27) (layer F.Fab)
      (effects (font (size 1 1) (thickness 0.15)))
    )
    (fp_circle (center 0 4.445) (end 3.175 3.81) (layer B.SilkS) (width 0.15))
    (pad "" thru_hole circle (at 0 4.445) (size 6.5 6.5) (drill 4.8) (layers *.Cu *.Mask))
  )

  (module "NES_CTRL:Lego pip" (layer F.Cu) (tedit 5AD81B4D) (tstamp 5AD818CC)
    (at 129.54 59.055)
    (fp_text reference s2 (at 0 0.5) (layer F.SilkS) hide
      (effects (font (size 1 1) (thickness 0.15)))
    )
    (fp_text value "Lego pip" (at 0 -1.27) (layer F.Fab)
      (effects (font (size 1 1) (thickness 0.15)))
    )
    (fp_circle (center 0 4.445) (end 3.175 3.81) (layer B.SilkS) (width 0.15))
    (pad "" thru_hole circle (at 0 4.445) (size 6.5 6.5) (drill 4.8) (layers *.Cu *.Mask))
  )

  (module LED_THT:LED_D4.0mm (layer F.Cu) (tedit 587A3A7B) (tstamp 5AD618D6)
    (at 163.83 100.33)
    (descr "LED, diameter 4.0mm, 2 pins, http://www.kingbright.com/attachments/file/psearch/000/00/00/L-43GD(Ver.12B).pdf")
    (tags "LED diameter 4.0mm 2 pins")
    (path /5AA9B610)
    (fp_text reference D1 (at 1.27 -3.46) (layer F.SilkS)
      (effects (font (size 1 1) (thickness 0.15)))
    )
    (fp_text value LED_Small (at 1.27 3.46) (layer F.Fab)
      (effects (font (size 1 1) (thickness 0.15)))
    )
    (fp_arc (start 1.27 0) (end -0.73 -1.32665) (angle 292.9) (layer F.Fab) (width 0.1))
    (fp_arc (start 1.27 0) (end -0.79 -1.398749) (angle 120.1) (layer F.SilkS) (width 0.12))
    (fp_arc (start 1.27 0) (end -0.79 1.398749) (angle -120.1) (layer F.SilkS) (width 0.12))
    (fp_arc (start 1.27 0) (end -0.41333 -1.08) (angle 114.6) (layer F.SilkS) (width 0.12))
    (fp_arc (start 1.27 0) (end -0.41333 1.08) (angle -114.6) (layer F.SilkS) (width 0.12))
    (fp_circle (center 1.27 0) (end 3.27 0) (layer F.Fab) (width 0.1))
    (fp_line (start -0.73 -1.32665) (end -0.73 1.32665) (layer F.Fab) (width 0.1))
    (fp_line (start -0.79 -1.399) (end -0.79 -1.08) (layer F.SilkS) (width 0.12))
    (fp_line (start -0.79 1.08) (end -0.79 1.399) (layer F.SilkS) (width 0.12))
    (fp_line (start -1.45 -2.75) (end -1.45 2.75) (layer F.CrtYd) (width 0.05))
    (fp_line (start -1.45 2.75) (end 4 2.75) (layer F.CrtYd) (width 0.05))
    (fp_line (start 4 2.75) (end 4 -2.75) (layer F.CrtYd) (width 0.05))
    (fp_line (start 4 -2.75) (end -1.45 -2.75) (layer F.CrtYd) (width 0.05))
    (pad 1 thru_hole rect (at 0 0) (size 1.8 1.8) (drill 0.9) (layers *.Cu *.Mask)
      (net 1 "Net-(D1-Pad1)"))
    (pad 2 thru_hole circle (at 2.54 0) (size 1.8 1.8) (drill 0.9) (layers *.Cu *.Mask)
      (net 2 "Net-(D1-Pad2)"))
    (model ${KISYS3DMOD}/LED_THT.3dshapes/LED_D4.0mm.wrl
      (at (xyz 0 0 0))
      (scale (xyz 1 1 1))
      (rotate (xyz 0 0 0))
    )
  )

  (module LED_THT:LED_D4.0mm (layer F.Cu) (tedit 587A3A7B) (tstamp 5AD62659)
    (at 163.576 109.664)
    (descr "LED, diameter 4.0mm, 2 pins, http://www.kingbright.com/attachments/file/psearch/000/00/00/L-43GD(Ver.12B).pdf")
    (tags "LED diameter 4.0mm 2 pins")
    (path /5AA9B78A)
    (fp_text reference D2 (at 1.27 -3.46) (layer F.SilkS)
      (effects (font (size 1 1) (thickness 0.15)))
    )
    (fp_text value LED_Small (at 1.27 3.46) (layer F.Fab)
      (effects (font (size 1 1) (thickness 0.15)))
    )
    (fp_line (start 4 -2.75) (end -1.45 -2.75) (layer F.CrtYd) (width 0.05))
    (fp_line (start 4 2.75) (end 4 -2.75) (layer F.CrtYd) (width 0.05))
    (fp_line (start -1.45 2.75) (end 4 2.75) (layer F.CrtYd) (width 0.05))
    (fp_line (start -1.45 -2.75) (end -1.45 2.75) (layer F.CrtYd) (width 0.05))
    (fp_line (start -0.79 1.08) (end -0.79 1.399) (layer F.SilkS) (width 0.12))
    (fp_line (start -0.79 -1.399) (end -0.79 -1.08) (layer F.SilkS) (width 0.12))
    (fp_line (start -0.73 -1.32665) (end -0.73 1.32665) (layer F.Fab) (width 0.1))
    (fp_circle (center 1.27 0) (end 3.27 0) (layer F.Fab) (width 0.1))
    (fp_arc (start 1.27 0) (end -0.41333 1.08) (angle -114.6) (layer F.SilkS) (width 0.12))
    (fp_arc (start 1.27 0) (end -0.41333 -1.08) (angle 114.6) (layer F.SilkS) (width 0.12))
    (fp_arc (start 1.27 0) (end -0.79 1.398749) (angle -120.1) (layer F.SilkS) (width 0.12))
    (fp_arc (start 1.27 0) (end -0.79 -1.398749) (angle 120.1) (layer F.SilkS) (width 0.12))
    (fp_arc (start 1.27 0) (end -0.73 -1.32665) (angle 292.9) (layer F.Fab) (width 0.1))
    (pad 2 thru_hole circle (at 2.54 0) (size 1.8 1.8) (drill 0.9) (layers *.Cu *.Mask)
      (net 3 "Net-(D2-Pad2)"))
    (pad 1 thru_hole rect (at 0 0) (size 1.8 1.8) (drill 0.9) (layers *.Cu *.Mask)
      (net 4 "Net-(D2-Pad1)"))
    (model ${KISYS3DMOD}/LED_THT.3dshapes/LED_D4.0mm.wrl
      (at (xyz 0 0 0))
      (scale (xyz 1 1 1))
      (rotate (xyz 0 0 0))
    )
  )

  (module LED_THT:LED_D4.0mm (layer F.Cu) (tedit 587A3A7B) (tstamp 5AD618FC)
    (at 189.23 100.33)
    (descr "LED, diameter 4.0mm, 2 pins, http://www.kingbright.com/attachments/file/psearch/000/00/00/L-43GD(Ver.12B).pdf")
    (tags "LED diameter 4.0mm 2 pins")
    (path /5AA9B7D9)
    (fp_text reference D3 (at 1.27 -3.46) (layer F.SilkS)
      (effects (font (size 1 1) (thickness 0.15)))
    )
    (fp_text value LED_Small (at 1.27 3.46) (layer F.Fab)
      (effects (font (size 1 1) (thickness 0.15)))
    )
    (fp_arc (start 1.27 0) (end -0.73 -1.32665) (angle 292.9) (layer F.Fab) (width 0.1))
    (fp_arc (start 1.27 0) (end -0.79 -1.398749) (angle 120.1) (layer F.SilkS) (width 0.12))
    (fp_arc (start 1.27 0) (end -0.79 1.398749) (angle -120.1) (layer F.SilkS) (width 0.12))
    (fp_arc (start 1.27 0) (end -0.41333 -1.08) (angle 114.6) (layer F.SilkS) (width 0.12))
    (fp_arc (start 1.27 0) (end -0.41333 1.08) (angle -114.6) (layer F.SilkS) (width 0.12))
    (fp_circle (center 1.27 0) (end 3.27 0) (layer F.Fab) (width 0.1))
    (fp_line (start -0.73 -1.32665) (end -0.73 1.32665) (layer F.Fab) (width 0.1))
    (fp_line (start -0.79 -1.399) (end -0.79 -1.08) (layer F.SilkS) (width 0.12))
    (fp_line (start -0.79 1.08) (end -0.79 1.399) (layer F.SilkS) (width 0.12))
    (fp_line (start -1.45 -2.75) (end -1.45 2.75) (layer F.CrtYd) (width 0.05))
    (fp_line (start -1.45 2.75) (end 4 2.75) (layer F.CrtYd) (width 0.05))
    (fp_line (start 4 2.75) (end 4 -2.75) (layer F.CrtYd) (width 0.05))
    (fp_line (start 4 -2.75) (end -1.45 -2.75) (layer F.CrtYd) (width 0.05))
    (pad 1 thru_hole rect (at 0 0) (size 1.8 1.8) (drill 0.9) (layers *.Cu *.Mask)
      (net 5 "Net-(D3-Pad1)"))
    (pad 2 thru_hole circle (at 2.54 0) (size 1.8 1.8) (drill 0.9) (layers *.Cu *.Mask)
      (net 6 "Net-(D3-Pad2)"))
    (model ${KISYS3DMOD}/LED_THT.3dshapes/LED_D4.0mm.wrl
      (at (xyz 0 0 0))
      (scale (xyz 1 1 1))
      (rotate (xyz 0 0 0))
    )
  )

  (module LED_THT:LED_D4.0mm (layer F.Cu) (tedit 587A3A7B) (tstamp 5AD6190F)
    (at 189.23 109.22)
    (descr "LED, diameter 4.0mm, 2 pins, http://www.kingbright.com/attachments/file/psearch/000/00/00/L-43GD(Ver.12B).pdf")
    (tags "LED diameter 4.0mm 2 pins")
    (path /5AA9B807)
    (fp_text reference D4 (at 1.27 -3.46) (layer F.SilkS)
      (effects (font (size 1 1) (thickness 0.15)))
    )
    (fp_text value LED_Small (at 1.27 3.46) (layer F.Fab)
      (effects (font (size 1 1) (thickness 0.15)))
    )
    (fp_line (start 4 -2.75) (end -1.45 -2.75) (layer F.CrtYd) (width 0.05))
    (fp_line (start 4 2.75) (end 4 -2.75) (layer F.CrtYd) (width 0.05))
    (fp_line (start -1.45 2.75) (end 4 2.75) (layer F.CrtYd) (width 0.05))
    (fp_line (start -1.45 -2.75) (end -1.45 2.75) (layer F.CrtYd) (width 0.05))
    (fp_line (start -0.79 1.08) (end -0.79 1.399) (layer F.SilkS) (width 0.12))
    (fp_line (start -0.79 -1.399) (end -0.79 -1.08) (layer F.SilkS) (width 0.12))
    (fp_line (start -0.73 -1.32665) (end -0.73 1.32665) (layer F.Fab) (width 0.1))
    (fp_circle (center 1.27 0) (end 3.27 0) (layer F.Fab) (width 0.1))
    (fp_arc (start 1.27 0) (end -0.41333 1.08) (angle -114.6) (layer F.SilkS) (width 0.12))
    (fp_arc (start 1.27 0) (end -0.41333 -1.08) (angle 114.6) (layer F.SilkS) (width 0.12))
    (fp_arc (start 1.27 0) (end -0.79 1.398749) (angle -120.1) (layer F.SilkS) (width 0.12))
    (fp_arc (start 1.27 0) (end -0.79 -1.398749) (angle 120.1) (layer F.SilkS) (width 0.12))
    (fp_arc (start 1.27 0) (end -0.73 -1.32665) (angle 292.9) (layer F.Fab) (width 0.1))
    (pad 2 thru_hole circle (at 2.54 0) (size 1.8 1.8) (drill 0.9) (layers *.Cu *.Mask)
      (net 7 "Net-(D4-Pad2)"))
    (pad 1 thru_hole rect (at 0 0) (size 1.8 1.8) (drill 0.9) (layers *.Cu *.Mask)
      (net 8 "Net-(D4-Pad1)"))
    (model ${KISYS3DMOD}/LED_THT.3dshapes/LED_D4.0mm.wrl
      (at (xyz 0 0 0))
      (scale (xyz 1 1 1))
      (rotate (xyz 0 0 0))
    )
  )

  (module Con_RJ:RJ45_8_S (layer F.Cu) (tedit 5AA99877) (tstamp 5AD61931)
    (at 204.47 120.65 90)
    (descr "RJ45 connector, 8-pin")
    (tags RJ45)
    (path /59527F3A)
    (fp_text reference O1 (at 4.7 -4.95 90) (layer F.SilkS)
      (effects (font (size 1 1) (thickness 0.15)))
    )
    (fp_text value RJ45 (at 4.6 15.45 90) (layer F.Fab)
      (effects (font (size 1 1) (thickness 0.15)))
    )
    (fp_line (start 12.46 14.47) (end -3.56 14.47) (layer F.CrtYd) (width 0.05))
    (fp_line (start 12.46 14.47) (end 12.46 -4.06) (layer F.CrtYd) (width 0.05))
    (fp_line (start -3.56 -4.06) (end -3.56 14.47) (layer F.CrtYd) (width 0.05))
    (fp_line (start -3.56 -4.06) (end 12.46 -4.06) (layer F.CrtYd) (width 0.05))
    (fp_line (start -3.17 7.51) (end -3.17 14.22) (layer F.SilkS) (width 0.12))
    (fp_line (start 12.06 7.52) (end 12.07 14.22) (layer F.SilkS) (width 0.12))
    (fp_line (start -3.17 -3.81) (end -3.17 5.19) (layer F.SilkS) (width 0.12))
    (fp_line (start 12.07 -3.81) (end -3.17 -3.81) (layer F.SilkS) (width 0.12))
    (fp_line (start 12.07 -3.81) (end 12.06 5.18) (layer F.SilkS) (width 0.12))
    (fp_line (start -3.17 14.22) (end 12.07 14.22) (layer F.SilkS) (width 0.12))
    (fp_line (start -3.1 -2) (end -1.3 -3.75) (layer F.Fab) (width 0.12))
    (fp_line (start -1.3 -3.75) (end 12 -3.7) (layer F.Fab) (width 0.12))
    (fp_line (start 12 -3.7) (end 12.05 14.15) (layer F.Fab) (width 0.12))
    (fp_line (start 12.05 14.15) (end -3.1 14.15) (layer F.Fab) (width 0.12))
    (fp_line (start -3.1 14.15) (end -3.1 -2) (layer F.Fab) (width 0.12))
    (fp_line (start -3.45 0) (end -4 -0.5) (layer F.SilkS) (width 0.12))
    (fp_line (start -4 -0.5) (end -4 0.55) (layer F.SilkS) (width 0.12))
    (fp_line (start -4 0.55) (end -3.45 0) (layer F.SilkS) (width 0.12))
    (fp_text user %R (at 4.65 5.85 90) (layer F.Fab)
      (effects (font (size 1 1) (thickness 0.15)))
    )
    (pad 9 thru_hole circle (at 11.43 2.54 90) (size 1.524 1.524) (drill 0.762) (layers *.Cu *.Mask)
      (net 9 GND))
    (pad 8 thru_hole circle (at 8.89 -2.54 90) (size 1.5 1.5) (drill 0.9) (layers *.Cu *.Mask)
      (net 10 "Net-(O1-Pad8)"))
    (pad 7 thru_hole circle (at 7.62 0 90) (size 1.5 1.5) (drill 0.9) (layers *.Cu *.Mask)
      (net 11 "Net-(O1-Pad7)"))
    (pad 6 thru_hole circle (at 6.35 -2.54 90) (size 1.5 1.5) (drill 0.9) (layers *.Cu *.Mask)
      (net 12 "Net-(O1-Pad6)"))
    (pad 5 thru_hole circle (at 5.08 0 90) (size 1.5 1.5) (drill 0.9) (layers *.Cu *.Mask)
      (net 13 "Net-(O1-Pad5)"))
    (pad 4 thru_hole circle (at 3.81 -2.54 90) (size 1.5 1.5) (drill 0.9) (layers *.Cu *.Mask)
      (net 14 "Net-(O1-Pad4)"))
    (pad 3 thru_hole circle (at 2.54 0 90) (size 1.5 1.5) (drill 0.9) (layers *.Cu *.Mask)
      (net 15 "Net-(O1-Pad3)"))
    (pad 2 thru_hole circle (at 1.27 -2.54 90) (size 1.5 1.5) (drill 0.9) (layers *.Cu *.Mask)
      (net 16 "Net-(O1-Pad2)"))
    (pad 1 thru_hole rect (at 0 0 90) (size 1.5 1.5) (drill 0.9) (layers *.Cu *.Mask)
      (net 9 GND))
    (pad "" np_thru_hole circle (at -1.49 6.35 90) (size 3.65 3.65) (drill 3.25) (layers *.Cu *.Mask))
    (pad "" np_thru_hole circle (at 10.38 6.35 90) (size 3.65 3.65) (drill 3.25) (layers *.Cu *.Mask))
    (model ${KISYS3DMOD}/Connector_RJ.3dshapes/RJ45_8.wrl
      (offset (xyz 2949.67138707724 -4096.76581539705 0))
      (scale (xyz 0.4 0.4 0.4))
      (rotate (xyz 0 0 0))
    )
  )

  (module Con_RJ:RJ45_8_S (layer F.Cu) (tedit 5AA99877) (tstamp 5AD622B4)
    (at 204.47 101.6 90)
    (descr "RJ45 connector, 8-pin")
    (tags RJ45)
    (path /59527BAF)
    (fp_text reference O2 (at 4.7 -4.95 90) (layer F.SilkS)
      (effects (font (size 1 1) (thickness 0.15)))
    )
    (fp_text value RJ45 (at 4.6 15.45 90) (layer F.Fab)
      (effects (font (size 1 1) (thickness 0.15)))
    )
    (fp_text user %R (at 4.65 5.85 90) (layer F.Fab)
      (effects (font (size 1 1) (thickness 0.15)))
    )
    (fp_line (start -4 0.55) (end -3.45 0) (layer F.SilkS) (width 0.12))
    (fp_line (start -4 -0.5) (end -4 0.55) (layer F.SilkS) (width 0.12))
    (fp_line (start -3.45 0) (end -4 -0.5) (layer F.SilkS) (width 0.12))
    (fp_line (start -3.1 14.15) (end -3.1 -2) (layer F.Fab) (width 0.12))
    (fp_line (start 12.05 14.15) (end -3.1 14.15) (layer F.Fab) (width 0.12))
    (fp_line (start 12 -3.7) (end 12.05 14.15) (layer F.Fab) (width 0.12))
    (fp_line (start -1.3 -3.75) (end 12 -3.7) (layer F.Fab) (width 0.12))
    (fp_line (start -3.1 -2) (end -1.3 -3.75) (layer F.Fab) (width 0.12))
    (fp_line (start -3.17 14.22) (end 12.07 14.22) (layer F.SilkS) (width 0.12))
    (fp_line (start 12.07 -3.81) (end 12.06 5.18) (layer F.SilkS) (width 0.12))
    (fp_line (start 12.07 -3.81) (end -3.17 -3.81) (layer F.SilkS) (width 0.12))
    (fp_line (start -3.17 -3.81) (end -3.17 5.19) (layer F.SilkS) (width 0.12))
    (fp_line (start 12.06 7.52) (end 12.07 14.22) (layer F.SilkS) (width 0.12))
    (fp_line (start -3.17 7.51) (end -3.17 14.22) (layer F.SilkS) (width 0.12))
    (fp_line (start -3.56 -4.06) (end 12.46 -4.06) (layer F.CrtYd) (width 0.05))
    (fp_line (start -3.56 -4.06) (end -3.56 14.47) (layer F.CrtYd) (width 0.05))
    (fp_line (start 12.46 14.47) (end 12.46 -4.06) (layer F.CrtYd) (width 0.05))
    (fp_line (start 12.46 14.47) (end -3.56 14.47) (layer F.CrtYd) (width 0.05))
    (pad "" np_thru_hole circle (at 10.38 6.35 90) (size 3.65 3.65) (drill 3.25) (layers *.Cu *.Mask))
    (pad "" np_thru_hole circle (at -1.49 6.35 90) (size 3.65 3.65) (drill 3.25) (layers *.Cu *.Mask))
    (pad 1 thru_hole rect (at 0 0 90) (size 1.5 1.5) (drill 0.9) (layers *.Cu *.Mask)
      (net 9 GND))
    (pad 2 thru_hole circle (at 1.27 -2.54 90) (size 1.5 1.5) (drill 0.9) (layers *.Cu *.Mask)
      (net 16 "Net-(O1-Pad2)"))
    (pad 3 thru_hole circle (at 2.54 0 90) (size 1.5 1.5) (drill 0.9) (layers *.Cu *.Mask)
      (net 17 "Net-(O2-Pad3)"))
    (pad 4 thru_hole circle (at 3.81 -2.54 90) (size 1.5 1.5) (drill 0.9) (layers *.Cu *.Mask)
      (net 18 "Net-(O2-Pad4)"))
    (pad 5 thru_hole circle (at 5.08 0 90) (size 1.5 1.5) (drill 0.9) (layers *.Cu *.Mask)
      (net 19 "Net-(O2-Pad5)"))
    (pad 6 thru_hole circle (at 6.35 -2.54 90) (size 1.5 1.5) (drill 0.9) (layers *.Cu *.Mask)
      (net 20 "Net-(O2-Pad6)"))
    (pad 7 thru_hole circle (at 7.62 0 90) (size 1.5 1.5) (drill 0.9) (layers *.Cu *.Mask)
      (net 21 "Net-(O2-Pad7)"))
    (pad 8 thru_hole circle (at 8.89 -2.54 90) (size 1.5 1.5) (drill 0.9) (layers *.Cu *.Mask)
      (net 22 "Net-(O2-Pad8)"))
    (pad 9 thru_hole circle (at 11.43 2.54 90) (size 1.524 1.524) (drill 0.762) (layers *.Cu *.Mask)
      (net 9 GND))
    (model ${KISYS3DMOD}/Connector_RJ.3dshapes/RJ45_8.wrl
      (offset (xyz 2949.67138707724 -4096.76581539705 0))
      (scale (xyz 0.4 0.4 0.4))
      (rotate (xyz 0 0 0))
    )
  )

  (module Con_RJ:RJ45_8_S (layer F.Cu) (tedit 5AA99877) (tstamp 5AD61975)
    (at 165.1 130.81)
    (descr "RJ45 connector, 8-pin")
    (tags RJ45)
    (path /5AA0302B)
    (fp_text reference P1 (at 4.7 -4.95) (layer F.SilkS)
      (effects (font (size 1 1) (thickness 0.15)))
    )
    (fp_text value RJ45 (at 4.6 15.45) (layer F.Fab)
      (effects (font (size 1 1) (thickness 0.15)))
    )
    (fp_text user %R (at 4.65 5.85) (layer F.Fab)
      (effects (font (size 1 1) (thickness 0.15)))
    )
    (fp_line (start -4 0.55) (end -3.45 0) (layer F.SilkS) (width 0.12))
    (fp_line (start -4 -0.5) (end -4 0.55) (layer F.SilkS) (width 0.12))
    (fp_line (start -3.45 0) (end -4 -0.5) (layer F.SilkS) (width 0.12))
    (fp_line (start -3.1 14.15) (end -3.1 -2) (layer F.Fab) (width 0.12))
    (fp_line (start 12.05 14.15) (end -3.1 14.15) (layer F.Fab) (width 0.12))
    (fp_line (start 12 -3.7) (end 12.05 14.15) (layer F.Fab) (width 0.12))
    (fp_line (start -1.3 -3.75) (end 12 -3.7) (layer F.Fab) (width 0.12))
    (fp_line (start -3.1 -2) (end -1.3 -3.75) (layer F.Fab) (width 0.12))
    (fp_line (start -3.17 14.22) (end 12.07 14.22) (layer F.SilkS) (width 0.12))
    (fp_line (start 12.07 -3.81) (end 12.06 5.18) (layer F.SilkS) (width 0.12))
    (fp_line (start 12.07 -3.81) (end -3.17 -3.81) (layer F.SilkS) (width 0.12))
    (fp_line (start -3.17 -3.81) (end -3.17 5.19) (layer F.SilkS) (width 0.12))
    (fp_line (start 12.06 7.52) (end 12.07 14.22) (layer F.SilkS) (width 0.12))
    (fp_line (start -3.17 7.51) (end -3.17 14.22) (layer F.SilkS) (width 0.12))
    (fp_line (start -3.56 -4.06) (end 12.46 -4.06) (layer F.CrtYd) (width 0.05))
    (fp_line (start -3.56 -4.06) (end -3.56 14.47) (layer F.CrtYd) (width 0.05))
    (fp_line (start 12.46 14.47) (end 12.46 -4.06) (layer F.CrtYd) (width 0.05))
    (fp_line (start 12.46 14.47) (end -3.56 14.47) (layer F.CrtYd) (width 0.05))
    (pad "" np_thru_hole circle (at 10.38 6.35) (size 3.65 3.65) (drill 3.25) (layers *.Cu *.Mask))
    (pad "" np_thru_hole circle (at -1.49 6.35) (size 3.65 3.65) (drill 3.25) (layers *.Cu *.Mask))
    (pad 1 thru_hole rect (at 0 0) (size 1.5 1.5) (drill 0.9) (layers *.Cu *.Mask)
      (net 9 GND))
    (pad 2 thru_hole circle (at 1.27 -2.54) (size 1.5 1.5) (drill 0.9) (layers *.Cu *.Mask)
      (net 6 "Net-(D3-Pad2)"))
    (pad 3 thru_hole circle (at 2.54 0) (size 1.5 1.5) (drill 0.9) (layers *.Cu *.Mask)
      (net 15 "Net-(O1-Pad3)"))
    (pad 4 thru_hole circle (at 3.81 -2.54) (size 1.5 1.5) (drill 0.9) (layers *.Cu *.Mask)
      (net 14 "Net-(O1-Pad4)"))
    (pad 5 thru_hole circle (at 5.08 0) (size 1.5 1.5) (drill 0.9) (layers *.Cu *.Mask)
      (net 13 "Net-(O1-Pad5)"))
    (pad 6 thru_hole circle (at 6.35 -2.54) (size 1.5 1.5) (drill 0.9) (layers *.Cu *.Mask)
      (net 12 "Net-(O1-Pad6)"))
    (pad 7 thru_hole circle (at 7.62 0) (size 1.5 1.5) (drill 0.9) (layers *.Cu *.Mask)
      (net 23 "Net-(P1-Pad7)"))
    (pad 8 thru_hole circle (at 8.89 -2.54) (size 1.5 1.5) (drill 0.9) (layers *.Cu *.Mask)
      (net 10 "Net-(O1-Pad8)"))
    (pad 9 thru_hole circle (at 11.43 2.54) (size 1.524 1.524) (drill 0.762) (layers *.Cu *.Mask)
      (net 9 GND))
    (model ${KISYS3DMOD}/Connector_RJ.3dshapes/RJ45_8.wrl
      (offset (xyz 2949.67138707724 -4096.76581539705 0))
      (scale (xyz 0.4 0.4 0.4))
      (rotate (xyz 0 0 0))
    )
  )

  (module Con_RJ:RJ45_8_S (layer F.Cu) (tedit 5AA99877) (tstamp 5AD61997)
    (at 175.26 82.55 180)
    (descr "RJ45 connector, 8-pin")
    (tags RJ45)
    (path /5AA03105)
    (fp_text reference P2 (at 4.7 -4.95 180) (layer F.SilkS)
      (effects (font (size 1 1) (thickness 0.15)))
    )
    (fp_text value RJ45 (at 4.6 15.45 180) (layer F.Fab)
      (effects (font (size 1 1) (thickness 0.15)))
    )
    (fp_line (start 12.46 14.47) (end -3.56 14.47) (layer F.CrtYd) (width 0.05))
    (fp_line (start 12.46 14.47) (end 12.46 -4.06) (layer F.CrtYd) (width 0.05))
    (fp_line (start -3.56 -4.06) (end -3.56 14.47) (layer F.CrtYd) (width 0.05))
    (fp_line (start -3.56 -4.06) (end 12.46 -4.06) (layer F.CrtYd) (width 0.05))
    (fp_line (start -3.17 7.51) (end -3.17 14.22) (layer F.SilkS) (width 0.12))
    (fp_line (start 12.06 7.52) (end 12.07 14.22) (layer F.SilkS) (width 0.12))
    (fp_line (start -3.17 -3.81) (end -3.17 5.19) (layer F.SilkS) (width 0.12))
    (fp_line (start 12.07 -3.81) (end -3.17 -3.81) (layer F.SilkS) (width 0.12))
    (fp_line (start 12.07 -3.81) (end 12.06 5.18) (layer F.SilkS) (width 0.12))
    (fp_line (start -3.17 14.22) (end 12.07 14.22) (layer F.SilkS) (width 0.12))
    (fp_line (start -3.1 -2) (end -1.3 -3.75) (layer F.Fab) (width 0.12))
    (fp_line (start -1.3 -3.75) (end 12 -3.7) (layer F.Fab) (width 0.12))
    (fp_line (start 12 -3.7) (end 12.05 14.15) (layer F.Fab) (width 0.12))
    (fp_line (start 12.05 14.15) (end -3.1 14.15) (layer F.Fab) (width 0.12))
    (fp_line (start -3.1 14.15) (end -3.1 -2) (layer F.Fab) (width 0.12))
    (fp_line (start -3.45 0) (end -4 -0.5) (layer F.SilkS) (width 0.12))
    (fp_line (start -4 -0.5) (end -4 0.55) (layer F.SilkS) (width 0.12))
    (fp_line (start -4 0.55) (end -3.45 0) (layer F.SilkS) (width 0.12))
    (fp_text user %R (at 4.65 5.85 180) (layer F.Fab)
      (effects (font (size 1 1) (thickness 0.15)))
    )
    (pad 9 thru_hole circle (at 11.43 2.54 180) (size 1.524 1.524) (drill 0.762) (layers *.Cu *.Mask)
      (net 9 GND))
    (pad 8 thru_hole circle (at 8.89 -2.54 180) (size 1.5 1.5) (drill 0.9) (layers *.Cu *.Mask)
      (net 22 "Net-(O2-Pad8)"))
    (pad 7 thru_hole circle (at 7.62 0 180) (size 1.5 1.5) (drill 0.9) (layers *.Cu *.Mask)
      (net 24 "Net-(P2-Pad7)"))
    (pad 6 thru_hole circle (at 6.35 -2.54 180) (size 1.5 1.5) (drill 0.9) (layers *.Cu *.Mask)
      (net 20 "Net-(O2-Pad6)"))
    (pad 5 thru_hole circle (at 5.08 0 180) (size 1.5 1.5) (drill 0.9) (layers *.Cu *.Mask)
      (net 19 "Net-(O2-Pad5)"))
    (pad 4 thru_hole circle (at 3.81 -2.54 180) (size 1.5 1.5) (drill 0.9) (layers *.Cu *.Mask)
      (net 18 "Net-(O2-Pad4)"))
    (pad 3 thru_hole circle (at 2.54 0 180) (size 1.5 1.5) (drill 0.9) (layers *.Cu *.Mask)
      (net 17 "Net-(O2-Pad3)"))
    (pad 2 thru_hole circle (at 1.27 -2.54 180) (size 1.5 1.5) (drill 0.9) (layers *.Cu *.Mask)
      (net 6 "Net-(D3-Pad2)"))
    (pad 1 thru_hole rect (at 0 0 180) (size 1.5 1.5) (drill 0.9) (layers *.Cu *.Mask)
      (net 9 GND))
    (pad "" np_thru_hole circle (at -1.49 6.35 180) (size 3.65 3.65) (drill 3.25) (layers *.Cu *.Mask))
    (pad "" np_thru_hole circle (at 10.38 6.35 180) (size 3.65 3.65) (drill 3.25) (layers *.Cu *.Mask))
    (model ${KISYS3DMOD}/Connector_RJ.3dshapes/RJ45_8.wrl
      (offset (xyz 2949.67138707724 -4096.76581539705 0))
      (scale (xyz 0.4 0.4 0.4))
      (rotate (xyz 0 0 0))
    )
  )

  (module NES_CTRL:nes_ctrl (layer F.Cu) (tedit 5AD54EB5) (tstamp 5AD619BA)
    (at 149.86 147.32 180)
    (tags nes_ctrl)
    (path /595280C8)
    (fp_text reference P11 (at 0 1.905 180) (layer F.SilkS)
      (effects (font (size 1 1) (thickness 0.15)))
    )
    (fp_text value NES_CTRL (at 0 0.635 180) (layer F.Fab)
      (effects (font (size 1 1) (thickness 0.15)))
    )
    (fp_line (start -6.9 20) (end -7 2.1) (layer B.SilkS) (width 0.15))
    (fp_line (start 2 20) (end -6.9 20) (layer B.SilkS) (width 0.15))
    (fp_line (start 2 6) (end 2 20) (layer B.SilkS) (width 0.15))
    (fp_line (start -3 2) (end 2 6) (layer B.SilkS) (width 0.15))
    (fp_line (start -7 2) (end -3 2) (layer B.SilkS) (width 0.15))
    (fp_line (start -7 2) (end -7 20) (layer F.SilkS) (width 0.15))
    (fp_line (start -3.1 2) (end -7 2) (layer F.SilkS) (width 0.15))
    (fp_line (start 2 6) (end -3 2) (layer F.SilkS) (width 0.15))
    (fp_line (start 2 20) (end 2 6) (layer F.SilkS) (width 0.15))
    (fp_line (start -7.1 20) (end 2 20) (layer F.SilkS) (width 0.15))
    (fp_text user D4 (at 3.92 17.04 180) (layer B.SilkS)
      (effects (font (size 1 1) (thickness 0.15)) (justify mirror))
    )
    (fp_text user D3 (at 4.02 13.23 180) (layer B.SilkS)
      (effects (font (size 1 1) (thickness 0.15)) (justify mirror))
    )
    (fp_text user +5V (at 4.52 8.72 180) (layer B.SilkS)
      (effects (font (size 1 1) (thickness 0.15)) (justify mirror))
    )
    (fp_text user D0 (at -8.915 17.14 180) (layer B.SilkS)
      (effects (font (size 1 1) (thickness 0.15)) (justify mirror))
    )
    (fp_text user LAT (at -9.215 13.03 180) (layer B.SilkS)
      (effects (font (size 1 1) (thickness 0.15)) (justify mirror))
    )
    (fp_text user CLK (at -8.815 8.92 180) (layer B.SilkS)
      (effects (font (size 1 1) (thickness 0.15)) (justify mirror))
    )
    (fp_text user GND (at -8.915 4.11 180) (layer B.SilkS)
      (effects (font (size 1 1) (thickness 0.15)) (justify mirror))
    )
    (fp_text user D4 (at 3.92 17.04 180) (layer F.SilkS)
      (effects (font (size 1 1) (thickness 0.15)))
    )
    (fp_text user D3 (at 4.02 13.23 180) (layer F.SilkS)
      (effects (font (size 1 1) (thickness 0.15)))
    )
    (fp_text user +5V (at 4.52 8.72 180) (layer F.SilkS)
      (effects (font (size 1 1) (thickness 0.15)))
    )
    (fp_text user D0 (at -8.915 17.14 180) (layer F.SilkS)
      (effects (font (size 1 1) (thickness 0.15)))
    )
    (fp_text user LAT (at -9.215 13.03 180) (layer F.SilkS)
      (effects (font (size 1 1) (thickness 0.15)))
    )
    (fp_text user CLK (at -8.815 8.92 180) (layer F.SilkS)
      (effects (font (size 1 1) (thickness 0.15)))
    )
    (fp_text user GND (at -8.915 4.11 180) (layer F.SilkS)
      (effects (font (size 1 1) (thickness 0.15)))
    )
    (pad 1 thru_hole circle (at -4.318 4.318 180) (size 2.5 2.5) (drill 1.25) (layers *.Cu *.Mask)
      (net 9 GND))
    (pad 2 thru_hole circle (at -4.318 8.636 180) (size 2.5 2.5) (drill 1.25) (layers *.Cu *.Mask)
      (net 10 "Net-(O1-Pad8)"))
    (pad 3 thru_hole circle (at -4.318 12.954 180) (size 2.5 2.5) (drill 1.25) (layers *.Cu *.Mask)
      (net 12 "Net-(O1-Pad6)"))
    (pad 4 thru_hole circle (at -4.318 17.272 180) (size 2.5 2.5) (drill 1.25) (layers *.Cu *.Mask)
      (net 14 "Net-(O1-Pad4)"))
    (pad 5 thru_hole circle (at 0 8.636 180) (size 2.5 2.5) (drill 1.25) (layers *.Cu *.Mask)
      (net 3 "Net-(D2-Pad2)"))
    (pad 6 thru_hole circle (at 0 12.954 180) (size 2.5 2.5) (drill 1.25) (layers *.Cu *.Mask)
      (net 13 "Net-(O1-Pad5)"))
    (pad 7 thru_hole circle (at 0 17.272 180) (size 2.5 2.5) (drill 1.25) (layers *.Cu *.Mask)
      (net 15 "Net-(O1-Pad3)"))
  )

  (module Con_RJ:RJ45_8_S (layer F.Cu) (tedit 5AA99877) (tstamp 5AD619FA)
    (at 184.15 130.81)
    (descr "RJ45 connector, 8-pin")
    (tags RJ45)
    (path /5952928C)
    (fp_text reference P13 (at 4.7 -4.95) (layer F.SilkS)
      (effects (font (size 1 1) (thickness 0.15)))
    )
    (fp_text value RJ45 (at 4.6 15.45) (layer F.Fab)
      (effects (font (size 1 1) (thickness 0.15)))
    )
    (fp_text user %R (at 4.65 5.85) (layer F.Fab)
      (effects (font (size 1 1) (thickness 0.15)))
    )
    (fp_line (start -4 0.55) (end -3.45 0) (layer F.SilkS) (width 0.12))
    (fp_line (start -4 -0.5) (end -4 0.55) (layer F.SilkS) (width 0.12))
    (fp_line (start -3.45 0) (end -4 -0.5) (layer F.SilkS) (width 0.12))
    (fp_line (start -3.1 14.15) (end -3.1 -2) (layer F.Fab) (width 0.12))
    (fp_line (start 12.05 14.15) (end -3.1 14.15) (layer F.Fab) (width 0.12))
    (fp_line (start 12 -3.7) (end 12.05 14.15) (layer F.Fab) (width 0.12))
    (fp_line (start -1.3 -3.75) (end 12 -3.7) (layer F.Fab) (width 0.12))
    (fp_line (start -3.1 -2) (end -1.3 -3.75) (layer F.Fab) (width 0.12))
    (fp_line (start -3.17 14.22) (end 12.07 14.22) (layer F.SilkS) (width 0.12))
    (fp_line (start 12.07 -3.81) (end 12.06 5.18) (layer F.SilkS) (width 0.12))
    (fp_line (start 12.07 -3.81) (end -3.17 -3.81) (layer F.SilkS) (width 0.12))
    (fp_line (start -3.17 -3.81) (end -3.17 5.19) (layer F.SilkS) (width 0.12))
    (fp_line (start 12.06 7.52) (end 12.07 14.22) (layer F.SilkS) (width 0.12))
    (fp_line (start -3.17 7.51) (end -3.17 14.22) (layer F.SilkS) (width 0.12))
    (fp_line (start -3.56 -4.06) (end 12.46 -4.06) (layer F.CrtYd) (width 0.05))
    (fp_line (start -3.56 -4.06) (end -3.56 14.47) (layer F.CrtYd) (width 0.05))
    (fp_line (start 12.46 14.47) (end 12.46 -4.06) (layer F.CrtYd) (width 0.05))
    (fp_line (start 12.46 14.47) (end -3.56 14.47) (layer F.CrtYd) (width 0.05))
    (pad "" np_thru_hole circle (at 10.38 6.35) (size 3.65 3.65) (drill 3.25) (layers *.Cu *.Mask))
    (pad "" np_thru_hole circle (at -1.49 6.35) (size 3.65 3.65) (drill 3.25) (layers *.Cu *.Mask))
    (pad 1 thru_hole rect (at 0 0) (size 1.5 1.5) (drill 0.9) (layers *.Cu *.Mask)
      (net 9 GND))
    (pad 2 thru_hole circle (at 1.27 -2.54) (size 1.5 1.5) (drill 0.9) (layers *.Cu *.Mask)
      (net 7 "Net-(D4-Pad2)"))
    (pad 3 thru_hole circle (at 2.54 0) (size 1.5 1.5) (drill 0.9) (layers *.Cu *.Mask)
      (net 15 "Net-(O1-Pad3)"))
    (pad 4 thru_hole circle (at 3.81 -2.54) (size 1.5 1.5) (drill 0.9) (layers *.Cu *.Mask)
      (net 14 "Net-(O1-Pad4)"))
    (pad 5 thru_hole circle (at 5.08 0) (size 1.5 1.5) (drill 0.9) (layers *.Cu *.Mask)
      (net 13 "Net-(O1-Pad5)"))
    (pad 6 thru_hole circle (at 6.35 -2.54) (size 1.5 1.5) (drill 0.9) (layers *.Cu *.Mask)
      (net 12 "Net-(O1-Pad6)"))
    (pad 7 thru_hole circle (at 7.62 0) (size 1.5 1.5) (drill 0.9) (layers *.Cu *.Mask)
      (net 25 "Net-(P13-Pad7)"))
    (pad 8 thru_hole circle (at 8.89 -2.54) (size 1.5 1.5) (drill 0.9) (layers *.Cu *.Mask)
      (net 10 "Net-(O1-Pad8)"))
    (pad 9 thru_hole circle (at 11.43 2.54) (size 1.524 1.524) (drill 0.762) (layers *.Cu *.Mask)
      (net 9 GND))
    (model ${KISYS3DMOD}/Connector_RJ.3dshapes/RJ45_8.wrl
      (offset (xyz 2949.67138707724 -4096.76581539705 0))
      (scale (xyz 0.4 0.4 0.4))
      (rotate (xyz 0 0 0))
    )
  )

  (module NES_CTRL:nes_ctrl (layer F.Cu) (tedit 5AD54EB5) (tstamp 5AD61A1D)
    (at 153.67 66.04)
    (tags nes_ctrl)
    (path /59527FFE)
    (fp_text reference P21 (at 0 1.905) (layer F.SilkS)
      (effects (font (size 1 1) (thickness 0.15)))
    )
    (fp_text value NES_CTRL (at 0 0.635) (layer F.Fab)
      (effects (font (size 1 1) (thickness 0.15)))
    )
    (fp_text user GND (at -8.915 4.11) (layer F.SilkS)
      (effects (font (size 1 1) (thickness 0.15)))
    )
    (fp_text user CLK (at -8.815 8.92) (layer F.SilkS)
      (effects (font (size 1 1) (thickness 0.15)))
    )
    (fp_text user LAT (at -9.215 13.03) (layer F.SilkS)
      (effects (font (size 1 1) (thickness 0.15)))
    )
    (fp_text user D0 (at -8.915 17.14) (layer F.SilkS)
      (effects (font (size 1 1) (thickness 0.15)))
    )
    (fp_text user +5V (at 4.52 8.72) (layer F.SilkS)
      (effects (font (size 1 1) (thickness 0.15)))
    )
    (fp_text user D3 (at 4.02 13.23) (layer F.SilkS)
      (effects (font (size 1 1) (thickness 0.15)))
    )
    (fp_text user D4 (at 3.92 17.04) (layer F.SilkS)
      (effects (font (size 1 1) (thickness 0.15)))
    )
    (fp_text user GND (at -8.915 4.11) (layer B.SilkS)
      (effects (font (size 1 1) (thickness 0.15)) (justify mirror))
    )
    (fp_text user CLK (at -8.815 8.92) (layer B.SilkS)
      (effects (font (size 1 1) (thickness 0.15)) (justify mirror))
    )
    (fp_text user LAT (at -9.215 13.03) (layer B.SilkS)
      (effects (font (size 1 1) (thickness 0.15)) (justify mirror))
    )
    (fp_text user D0 (at -8.915 17.14) (layer B.SilkS)
      (effects (font (size 1 1) (thickness 0.15)) (justify mirror))
    )
    (fp_text user +5V (at 4.52 8.72) (layer B.SilkS)
      (effects (font (size 1 1) (thickness 0.15)) (justify mirror))
    )
    (fp_text user D3 (at 4.02 13.23) (layer B.SilkS)
      (effects (font (size 1 1) (thickness 0.15)) (justify mirror))
    )
    (fp_text user D4 (at 3.92 17.04) (layer B.SilkS)
      (effects (font (size 1 1) (thickness 0.15)) (justify mirror))
    )
    (fp_line (start -7.1 20) (end 2 20) (layer F.SilkS) (width 0.15))
    (fp_line (start 2 20) (end 2 6) (layer F.SilkS) (width 0.15))
    (fp_line (start 2 6) (end -3 2) (layer F.SilkS) (width 0.15))
    (fp_line (start -3.1 2) (end -7 2) (layer F.SilkS) (width 0.15))
    (fp_line (start -7 2) (end -7 20) (layer F.SilkS) (width 0.15))
    (fp_line (start -7 2) (end -3 2) (layer B.SilkS) (width 0.15))
    (fp_line (start -3 2) (end 2 6) (layer B.SilkS) (width 0.15))
    (fp_line (start 2 6) (end 2 20) (layer B.SilkS) (width 0.15))
    (fp_line (start 2 20) (end -6.9 20) (layer B.SilkS) (width 0.15))
    (fp_line (start -6.9 20) (end -7 2.1) (layer B.SilkS) (width 0.15))
    (pad 7 thru_hole circle (at 0 17.272) (size 2.5 2.5) (drill 1.25) (layers *.Cu *.Mask)
      (net 17 "Net-(O2-Pad3)"))
    (pad 6 thru_hole circle (at 0 12.954) (size 2.5 2.5) (drill 1.25) (layers *.Cu *.Mask)
